% The following energies apply to conformations described by the topology 
% mon_V.top.  Structures are given in trajectory concat_coords.cdf, count: 
% 975.

% Item 0:
%   Energy -> CONFS_OOUT/Conf*.oout
  -1274.32345618
  -1274.32726074
  -1274.32558692
  -1274.33860279
  -1274.33204921
  -1274.32762678
  -1274.34507413
  -1274.33213217
  -1274.31461403
  -1274.32661157
  -1274.34171472
  -1274.32423581
  -1274.32910219
  -1274.32520579
  -1274.33860279
  -1274.33166519
  -1274.31657040
  -1274.31788462
  -1274.32616278
  -1274.32547077
  -1274.32521241
  -1274.34031791
  -1274.34188481
  -1274.34161444
  -1274.32790213
  -1274.34295894
  -1274.32416120
  -1274.34518573
  -1274.33034965
  -1274.33520460
  -1274.32989169
  -1274.33626270
  -1274.33272818
  -1274.34164977
  -1274.32318065
  -1274.34519829
  -1274.32826493
  -1274.34438588
  -1274.33625064
  -1274.33292871
  -1274.33860279
  -1274.33063322
  -1274.32839482
  -1274.33967635
  -1274.32413092
  -1274.34131041
  -1274.32615627
  -1274.34438201
  -1274.34256613
  -1274.34011545
  -1274.34040210
  -1274.32383372
  -1274.34181000
  -1274.32505637
  -1274.34152991
  -1274.32250398
  -1274.33600652
  -1274.32715166
  -1274.33898162
  -1274.32552039
  -1274.32021948
  -1274.33095626
  -1274.32695943
  -1274.33279545
  -1274.33008438
  -1274.32520828
  -1274.31794943
  -1274.33315970
  -1274.33909244
  -1274.32554065
  -1274.33626698
  -1274.33727728
  -1274.31636507
  -1274.31491029
  -1274.32378378
  -1274.33775614
  -1274.32913764
  -1274.32764893
  -1274.33860279
  -1274.32851026
  -1274.32402681
  -1274.33005169
  -1274.32880461
  -1274.33183425
  -1274.33020584
  -1274.33084278
  -1274.32970618
  -1274.33369417
  -1274.33033267
  -1274.32660428
  -1274.32632217
  -1274.32587443
  -1274.33042947
  -1274.31527539
  -1274.33338091
  -1274.33367464
  -1274.33126788
  -1274.34330401
  -1274.33016019
  -1274.33538822
  -1274.32956322
  -1274.33743300
  -1274.34135837
  -1274.33398554
  -1274.33427432
  -1274.33197594
  -1274.32845803
  -1274.31176020
  -1274.33860279
  -1274.33150725
  -1274.32158312
  -1274.33860279
  -1274.33061013
  -1274.32865210
  -1274.32902285
  -1274.33665723
  -1274.31595254
  -1274.32767792
  -1274.33843753
  -1274.34001235
  -1274.33161257
  -1274.33182878
  -1274.33413545
  -1274.33079057
  -1274.34148048
  -1274.33860279
  -1274.31773969
  -1274.32802989
  -1274.32428080
  -1274.33094619
  -1274.32567106
  -1274.33175412
  -1274.33136807
  -1274.33860279
  -1274.34119260
  -1274.32498699
  -1274.31444900
  -1274.33466924
  -1274.32871553
  -1274.32486979
  -1274.32545417
  -1274.33337367
  -1274.32737302
  -1274.33893674
  -1274.32991062
  -1274.34153173
  -1274.32707293
  -1274.33085430
  -1274.33192496
  -1274.33127004
  -1274.32552860
  -1274.33805929
  -1274.33109688
  -1274.33047678
  -1274.32029394
  -1274.32820958
  -1274.32479808
  -1274.32071804
  -1274.33798819
  -1274.33860279
  -1274.31724381
  -1274.33084872
  -1274.32935450
  -1274.32611436
  -1274.33860279
  -1274.31411680
  -1274.32063239
  -1274.32719632
  -1274.32269746
  -1274.32026288
  -1274.32624555
  -1274.33024359
  -1274.32859198
  -1274.32565695
  -1274.32529134
  -1274.33066661
  -1274.32734796
  -1274.31949067
  -1274.33009262
  -1274.33484404
  -1274.32303316
  -1274.32922221
  -1274.32488276
  -1274.32447787
  -1274.32768521
  -1274.33498321
  -1274.32478892
  -1274.32496030
  -1274.34202365
  -1274.33504498
  -1274.34483534
  -1274.24872554
  -1274.33549106
  -1274.32481958
  -1274.34183656
  -1274.32796158
  -1274.32725960
  -1274.33912821
  -1274.32714407
  -1274.33238044
  -1274.33727799
  -1274.32591175
  -1274.32790278
  -1274.32574447
  -1274.34142297
  -1274.33266117
  -1274.31896529
  -1274.32406587
  -1274.34122803
  -1274.33860279
  -1274.33939243
  -1274.32500829
  -1274.32715322
  -1274.33764289
  -1274.34459774
  -1274.33165683
  -1274.32078601
  -1274.32907513
  -1274.32668666
  -1274.32248796
  -1274.31895360
  -1274.32649804
  -1274.32968412
  -1274.32815459
  -1274.32689733
  -1274.33964180
  -1274.33056679
  -1274.32865821
  -1274.32220925
  -1274.32499588
  -1274.33003626
  -1274.33664460
  -1274.33151904
  -1274.33990867
  -1274.34005979
  -1274.32682087
  -1274.31848068
  -1274.32538802
  -1274.32073296
  -1274.32516332
  -1274.31723893
  -1274.33814349
  -1274.33860279
  -1274.32240963
  -1274.33140055
  -1274.33167995
  -1274.32472121
  -1274.32762251
  -1274.32516498
  -1274.33243622
  -1274.33860279
  -1274.31889568
  -1274.32704126
  -1274.34029534
  -1274.32933124
  -1274.33123178
  -1274.32667508
  -1274.32044887
  -1274.33142315
  -1274.33860279
  -1274.33992581
  -1274.32502645
  -1274.33182630
  -1274.32935539
  -1274.33481262
  -1274.33180001
  -1274.32594335
  -1274.32283364
  -1274.33434792
  -1274.32605123
  -1274.34188385
  -1274.33074502
  -1274.32614218
  -1274.33078044
  -1274.33073051
  -1274.34083525
  -1274.33558419
  -1274.33860279
  -1274.31990750
  -1274.32585449
  -1274.32077597
  -1274.33004028
  -1274.33354110
  -1274.31582867
  -1274.32899854
  -1274.31930686
  -1274.31171971
  -1274.32002249
  -1274.33173617
  -1274.32883361
  -1274.32467774
  -1274.33860279
  -1274.32637245
  -1274.32910681
  -1274.32918289
  -1274.32516522
  -1274.32593819
  -1274.32815160
  -1274.32089713
  -1274.32623016
  -1274.32111536
  -1274.32815773
  -1274.32569951
  -1274.32580067
  -1274.33763823
  -1274.32493544
  -1274.32880727
  -1274.34083702
  -1274.34467259
  -1274.34321427
  -1274.32472261
  -1274.32379406
  -1274.32549362
  -1274.33205610
  -1274.32762535
  -1274.33633479
  -1274.32589252
  -1274.32458515
  -1274.33957283
  -1274.32571236
  -1274.33109762
  -1274.31587766
  -1274.32393444
  -1274.34003805
  -1274.32882977
  -1274.32557562
  -1274.33926078
  -1274.33592492
  -1274.32826587
  -1274.32909768
  -1274.33470610
  -1274.34420213
  -1274.32907838
  -1274.33606646
  -1274.33860279
  -1274.34107393
  -1274.32548015
  -1274.32910783
  -1274.32811150
  -1274.31851618
  -1274.32595270
  -1274.33254103
  -1274.33141038
  -1274.32234822
  -1274.32985098
  -1274.32611625
  -1274.32389525
  -1274.33377108
  -1274.32589120
  -1274.32159553
  -1274.32694902
  -1274.33044340
  -1274.34261485
  -1274.33148998
  -1274.32556082
  -1274.32143987
  -1274.32741178
  -1274.31719150
  -1274.34435042
  -1274.33610588
  -1274.32819980
  -1274.32855661
  -1274.33555405
  -1274.33860279
  -1274.32103558
  -1274.33076663
  -1274.32134128
  -1274.31674654
  -1274.34516799
  -1274.33076769
  -1274.32629578
  -1274.32339921
  -1274.32547017
  -1274.32292472
  -1274.33860279
  -1274.32424844
  -1274.33860279
  -1274.33358208
  -1274.32983521
  -1274.34322258
  -1274.32516366
  -1274.32638833
  -1274.31574355
  -1274.33253961
  -1274.34390789
  -1274.34307754
  -1274.33943819
  -1274.32047028
  -1274.32814461
  -1274.32613943
  -1274.32526268
  -1274.31872343
  -1274.33093064
  -1274.33136973
  -1274.34230500
  -1274.33329516
  -1274.34234059
  -1274.32420759
  -1274.33060537
  -1274.33054045
  -1274.34148545
  -1274.34273561
  -1274.32184008
  -1274.34586333
  -1274.33662218
  -1274.33167609
  -1274.34116943
  -1274.32614667
  -1274.33860279
  -1274.32839806
  -1274.33148117
  -1274.33150146
  -1274.33287282
  -1274.34205286
  -1274.32417741
  -1274.34115516
  -1274.34082474
  -1274.34091099
  -1274.34172045
  -1274.33954621
  -1274.33141940
  -1274.32378727
  -1274.33012900
  -1274.32516781
  -1274.33822100
  -1274.34004664
  -1274.32521427
  -1274.33993317
  -1274.32407873
  -1274.33298609
  -1274.32354062
  -1274.31645026
  -1274.33387094
  -1274.33580316
  -1274.32775226
  -1274.32519281
  -1274.33184448
  -1274.32121068
  -1274.33639640
  -1274.31291817
  -1274.32093018
  -1274.33850993
  -1274.34132878
  -1274.32757090
  -1274.32082890
  -1274.32978767
  -1274.32664106
  -1274.32689036
  -1274.33068221
  -1274.33860279
  -1274.33340975
  -1274.32956163
  -1274.32919744
  -1274.32555910
  -1274.32985460
  -1274.33019950
  -1274.33301206
  -1274.33145140
  -1274.32847074
  -1274.33037180
  -1274.33028243
  -1274.33415941
  -1274.34189875
  -1274.33632793
  -1274.32753088
  -1274.31258522
  -1274.31432743
  -1274.32976775
  -1274.34451661
  -1274.34253433
  -1274.33353533
  -1274.33100047
  -1274.32845829
  -1274.33141871
  -1274.33383419
  -1274.32801436
  -1274.32928596
  -1274.32955084
  -1274.32741345
  -1274.33470667
  -1274.32332898
  -1274.33860279
  -1274.33198587
  -1274.33117732
  -1274.34192621
  -1274.33351670
  -1274.34147657
  -1274.31351109
  -1274.32975134
  -1274.33860279
  -1274.34236012
  -1274.32603683
  -1274.33748338
  -1274.33768365
  -1274.33132410
  -1274.33563046
  -1274.32581390
  -1274.32578157
  -1274.32458778
  -1274.32776194
  -1274.32923985
  -1274.33173443
  -1274.32061006
  -1274.32482933
  -1274.32521696
  -1274.33144969
  -1274.32574191
  -1274.32967424
  -1274.33073514
  -1274.33248595
  -1274.32939052
  -1274.32832316
  -1274.33068939
  -1274.32455019
  -1274.33349430
  -1274.32393203
  -1274.32051664
  -1274.32823901
  -1274.31823404
  -1274.33204838
  -1274.32729172
  -1274.33860279
  -1274.33161015
  -1274.31542641
  -1274.32639709
  -1274.32773566
  -1274.32570599
  -1274.31379392
  -1274.32504787
  -1274.31850466
  -1274.33557411
  -1274.32579063
  -1274.31484581
  -1274.32293995
  -1274.32461985
  -1274.32765298
  -1274.33288580
  -1274.32066692
  -1274.32496778
  -1274.32315073
  -1274.32859941
  -1274.31956936
  -1274.32583494
  -1274.32777447
  -1274.33184246
  -1274.33718973
  -1274.33872966
  -1274.32821614
  -1274.34121510
  -1274.32951085
  -1274.32150587
  -1274.32815583
  -1274.32521217
  -1274.32940444
  -1274.32475003
  -1274.32336937
  -1274.32212264
  -1274.34386776
  -1274.33847600
  -1274.34155938
  -1274.34200039
  -1274.33804339
  -1274.33860279
  -1274.33718917
  -1274.32520923
  -1274.33991482
  -1274.32640146
  -1274.34294993
  -1274.33475788
  -1274.32665104
  -1274.31637175
  -1274.32391726
  -1274.33075394
  -1274.32977234
  -1274.33424904
  -1274.33371005
  -1274.34060815
  -1274.33855799
  -1274.34512633
  -1274.33093076
  -1274.32838065
  -1274.32495896
  -1274.32224111
  -1274.33303145
  -1274.33048289
  -1274.32545513
  -1274.31750007
  -1274.32637995
  -1274.33957283
  -1274.33139519
  -1274.32606271
  -1274.32594350
  -1274.32519558
  -1274.32646028
  -1274.32985135
  -1274.32756399
  -1274.32900311
  -1274.33860279
  -1274.32920815
  -1274.31607398
  -1274.32336682
  -1274.31857801
  -1274.32979026
  -1274.31767513
  -1274.32583008
  -1274.33848274
  -1274.34290450
  -1274.32210302
  -1274.33487707
  -1274.32528191
  -1274.32022305
  -1274.31960913
  -1274.32651349
  -1274.33143393
  -1274.32327477
  -1274.33402810
  -1274.34536326
  -1274.32621263
  -1274.32924390
  -1274.32474527
  -1274.32244083
  -1274.32374346
  -1274.32817296
  -1274.33860279
  -1274.33279649
  -1274.32859757
  -1274.33911323
  -1274.32443517
  -1274.32288751
  -1274.33547385
  -1274.32078273
  -1274.33241529
  -1274.33923812
  -1274.31843570
  -1274.33813774
  -1274.34025842
  -1274.32275937
  -1274.34303341
  -1274.31260154
  -1274.32472978
  -1274.34003371
  -1274.33235096
  -1274.34420322
  -1274.33227508
  -1274.34367442
  -1274.32291890
  -1274.33151149
  -1274.33957283
  -1274.33860279
  -1274.33550349
  -1274.33000382
  -1274.34328384
  -1274.33928068
  -1274.32951507
  -1274.32465053
  -1274.33927780
  -1274.34284369
  -1274.32553144
  -1274.34260877
  -1274.33875793
  -1274.32153303
  -1274.32098433
  -1274.34244935
  -1274.33389103
  -1274.33952602
  -1274.33755757
  -1274.33649817
  -1274.33885819
  -1274.34398147
  -1274.32917006
  -1274.33886365
  -1274.32413928
  -1274.33437672
  -1274.33221312
  -1274.31930807
  -1274.32777886
  -1274.32977328
  -1274.32261469
  -1274.31967327
  -1274.33188787
  -1274.32927218
  -1274.32166110
  -1274.33331282
  -1274.32489381
  -1274.33153287
  -1274.32102469
  -1274.33947822
  -1274.33028742
  -1274.33553197
  -1274.32518879
  -1274.32684517
  -1274.32963147
  -1274.32618244
  -1274.33107157
  -1274.32516523
  -1274.33860279
  -1274.33135184
  -1274.32651390
  -1274.32972342
  -1274.33212141
  -1274.33952809
  -1274.33705776
  -1274.33513426
  -1274.33635294
  -1274.32955337
  -1274.33112137
  -1274.31655833
  -1274.33744734
  -1274.32582485
  -1274.32779924
  -1274.32073985
  -1274.32599602
  -1274.32451256
  -1274.33495500
  -1274.33865296
  -1274.33714311
  -1274.33429928
  -1274.32654052
  -1274.32069230
  -1274.32560973
  -1274.33152151
  -1274.33747233
  -1274.33012423
  -1274.32547769
  -1274.32872193
  -1274.33548024
  -1274.32310715
  -1274.33993250
  -1274.33860279
  -1274.33159624
  -1274.33076367
  -1274.33957283
  -1274.32581556
  -1274.33286661
  -1274.32485027
  -1274.32378949
  -1274.33402394
  -1274.33217573
  -1274.31984059
  -1274.33292805
  -1274.32931776
  -1274.32489616
  -1274.32795445
  -1274.33860279
  -1274.32210297
  -1274.33641766
  -1274.32593038
  -1274.33222007
  -1274.32331424
  -1274.33324255
  -1274.34104043
  -1274.32422021
  -1274.31476663
  -1274.32358553
  -1274.33548043
  -1274.33824894
  -1274.32464434
  -1274.33957283
  -1274.32240042
  -1274.33188891
  -1274.34315109
  -1274.32255618
  -1274.34336782
  -1274.33093466
  -1274.34273142
  -1274.33133662
  -1274.34068694
  -1274.33659393
  -1274.33077273
  -1274.34463990
  -1274.34320005
  -1274.33860279
  -1274.31724043
  -1274.32614287
  -1274.34300246
  -1274.32770763
  -1274.34315699
  -1274.34273165
  -1274.33185314
  -1274.32506288
  -1274.33894145
  -1274.33963940
  -1274.33879336
  -1274.34098207
  -1274.34239936
  -1274.33703890
  -1274.33594400
  -1274.34162164
  -1274.31184354
  -1274.32500335
  -1274.34083535
  -1274.34289869
  -1274.32994340
  -1274.32883538
  -1274.33905418
  -1274.32379517
  -1274.32581992
  -1274.32138864
  -1274.33659417
  -1274.34504091
  -1274.32204644
  -1274.33018436
  -1274.33068642
  -1274.32476058
  -1274.32850220
  -1274.32976009
  -1274.32586777
  -1274.32164458
  -1274.33662590
  -1274.33008656
  -1274.33248297
  -1274.32524437
  -1274.33116455
  -1274.32670327
  -1274.32889132
  -1274.32834382
  -1274.33136995
  -1274.32834344
  -1274.33310891
  -1274.32395017
  -1274.33860279
  -1274.32499607
  -1274.32013338
  -1274.33948015
  -1274.33664992
  -1274.32727668
  -1274.33246293
  -1274.33714433
  -1274.33954028
  -1274.33780548
  -1274.32689726
  -1274.33623891
  -1274.33662961
  -1274.33980974
  -1274.32555828
  -1274.32658984
  -1274.31595168
  -1274.33447216
  -1274.32834932
  -1274.33107425
  -1274.32610616
  -1274.32352686
  -1274.32905405
  -1274.32585778
  -1274.33177400
  -1274.33759213
  -1274.33860279
  -1274.32824602
  -1274.33009709
  -1274.33039772
  -1274.32526586
  -1274.34002786
  -1274.33389471
  -1274.33561481
  -1274.33860279
  -1274.34207276
  -1274.32834935
  -1274.31983338
  -1274.32598019
  -1274.32543765
  -1274.32530388
  -1274.32687414
  -1274.32643053
  -1274.33240352
  -1274.32746068
  -1274.33833029
  -1274.32668878
  -1274.33303214
  -1274.33006212
  -1274.33225940
  -1274.32482594
  -1274.33183662
  -1274.33151723
  -1274.32968642
  -1274.32808927
  -1274.32072999
  -1274.33053867
  -1274.32554505
  -1274.33061178
  -1274.33219547
  -1274.32492049
  -1274.33860279
  -1274.31776608
  -1274.32801260
  -1274.31918887
  -1274.32547034
  -1274.32087284
  -1274.31559599
  -1274.32626816
  -1274.33119192
  -1274.31483491
  -1274.32609170
  -1274.32051241
  -1274.32617668
  -1274.32651121
  -1274.32922487
  -1274.31846374
  -1274.33054652
  -1274.32738655
  -1274.33221878
  -1274.32792229
  -1274.32723718
  -1274.31891141
  -1274.32540727
  -1274.32945988
  -1274.33104739
  -1274.32396208
  -1274.32412618
  -1274.33012292
  -1274.32503780
  -1274.33022204
  -1274.32945593
  -1274.34253357
  -1274.33081135
  -1274.32335785
  -1274.33412709
  -1274.33481600
  -1274.34145970
  -1274.34386085
  -1274.32341947
  -1274.34460322
  -1274.33598568
  -1274.32483792
  -1274.32312429
  -1274.34134922
  -1274.32803198
  -1274.34336464
  -1274.33860279
  -1274.33451928
  -1274.32524213
  -1274.33992467
  -1274.32984208
  -1274.32588980
  -1274.33696623
  -1274.33626715
  -1274.33862657
  -1274.31504198
  -1274.32407644
  -1274.32683925
  -1274.33155353
  -1274.32554282
  -1274.32140511
  -1274.32985935
  -1274.33069161
  -1274.32314624
  -1274.34437130
  -1274.33143205
  -1274.32820761
  -1274.34076336
  -1274.32401309
  -1274.32629130
  -1274.32756258
  -1274.32772863
  -1274.32595821
  -1274.32535877
  -1274.32548037
  -1274.31934698
  -1274.32614694
  -1274.34375365
  -1274.32620261
  -1274.32313035
  -1274.31832936
  -1274.32357883
  -1274.31680378
  -1274.32985181
  -1274.33238990
  -1274.33860279
  -1274.33013986
  -1274.32093310
  -1274.32704625
  -1274.32004053
  -1274.32445968
  -1274.33774615
  -1274.33631262
  -1274.34455447
