Run semi-empirical minimization
 &qmmm
    qm_theory='AM1', grms_tol=0.0005,
 scfconv=1.d-10, ndiis_attempts=700,   qmcharge=0,
 /
   6     C       -1.2170       -1.9370        0.1030 
   6    C1       -0.3520       -1.0760       -0.8170 
   8     O        0.2340       -0.0300       -0.1270 
   6    C2        1.1890       -0.1450        0.8280 
   8    O1        1.6530       -1.2530        1.0630 
   6    C3        1.7020        1.0410        1.6150 
   6    C4        1.3590        2.3560        1.3830 
   6    C5        0.4200        2.8580        0.3030 
   7     N        1.9130        3.3960        2.1850 
   6    C6        2.8490        3.1340        3.2100 
  16     S        3.4070        4.2160        3.9790 
   7    N1        3.2340        1.8010        3.4740 
   6    C7        2.6810        0.6730        2.7510 
   6    C8        1.9950       -0.2300        3.7580 
   6    C9        2.4710       -1.5320        3.9910 
   6   C10        1.8340       -2.3610        4.9180 
   6   C11        0.7180       -1.9000        5.6220 
   6   C12        0.2350       -0.6020        5.4010 
   8    O2       -0.8400       -0.1430        6.0730 
   6   C13        0.8730        0.2280        4.4730 
   1     H       -0.6080       -2.4090        0.9010 
   1    H1       -1.7020       -2.7420       -0.4890 
   1    H2       -2.0060       -1.3130        0.5730 
   1    H3        0.4290       -1.6940       -1.3120 
   1    H4       -1.0080       -0.6500       -1.6050 
   1    H5       -0.0310        2.1340       -0.3800 
   1    H6        0.9740        3.5730       -0.3390 
   1    H7       -0.4180        3.4030        0.7870 
   1    H8        1.6350        4.3730        1.9940 
   1    H9        3.9230        1.6060        4.2190 
   1   H10        3.5390        0.1430        2.2800 
   1   H11        3.3340       -1.9070        3.4550 
   1   H12        2.2050       -3.3620        5.0910 
   1   H13        0.2320       -2.5510        6.3370 
   1   H14       -1.3120       -0.6840        6.7220 
   1   H15        0.4950        1.2300        4.3060 

