-------------------------------------------------------------
----------------------- !PROPERTIES! ------------------------
-------------------------------------------------------------
# -------------------------------------------------------------
----------------------- !GEOMETRIES! ------------------------
# -------------------------------------------------------------
------------------------ !GEOMETRY! -------------------------
    Number of atoms:    36 
    Geometry Index:     1 
    Coordinates:
               0  C     15.900267000000   13.803747900000   14.834214500000
               1  C     15.265623800000   14.725468900000   15.890868100000
               2  O     16.336294500000   15.416325000000   16.561908900000
               3  C     16.024252200000   16.301807700000   17.553738000000
               4  O     14.885043600000   16.708750700000   17.712605500000
               5  C     17.213452100000   17.147867900000   17.842763500000
               6  C     17.342069600000   18.376543200000   17.297469000000
               7  C     16.400956000000   18.997336800000   16.289468200000
               8  N     18.455032600000   19.161556800000   17.613824100000
               9  C     19.357773300000   18.856813000000   18.601598900000
              10  S     20.583807700000   19.886597800000   19.017724300000
              11  N     19.200443400000   17.641223300000   19.221667700000
              12  C     18.288722000000   16.576746000000   18.768140700000
              13  C     17.740013400000   15.769977900000   19.940418400000
              14  C     18.309878800000   14.519295700000   20.240275700000
              15  C     17.808851200000   13.736069200000   21.292567500000
              16  C     16.738257600000   14.213953100000   22.066180900000
              17  C     16.193457600000   15.477496800000   21.798583700000
              18  O     15.182594200000   15.954974100000   22.568537300000
              19  C     16.686786000000   16.251602100000   20.740948700000
              20  H     16.384624300000   14.409971600000   14.054214600000
              21  H     15.141873200000   13.171177500000   14.352849100000
              22  H     16.656436400000   13.148951600000   15.283830600000
              23  H     14.573977900000   15.432906500000   15.414160800000
              24  H     14.701695800000   14.122729800000   16.616439400000
              25  H     16.109774600000   18.263842700000   15.524794500000
              26  H     16.850655100000   19.850742900000   15.770619500000
              27  H     15.483123500000   19.339275300000   16.782764800000
              28  H     18.582849800000   20.054056000000   17.163833800000
              29  H     19.836440100000   17.468508500000   19.988984600000
              30  H     18.890803500000   15.894448400000   18.153592300000
              31  H     19.139182500000   14.144924200000   19.646209000000
              32  H     18.253069800000   12.765001100000   21.508654200000
              33  H     16.343688300000   13.609552800000   22.876377000000
              34  H     15.041912000000   15.328453700000   23.295426800000
              35  H     16.243316500000   17.223303800000   20.547745300000
