-------------------------------------------------------------
----------------------- !PROPERTIES! ------------------------
-------------------------------------------------------------
# -------------------------------------------------------------
----------------------- !GEOMETRIES! ------------------------
# -------------------------------------------------------------
------------------------ !GEOMETRY! -------------------------
    Number of atoms:    36 
    Geometry Index:     1 
    Coordinates:
               0  C     15.836740000000   13.514336100000   15.106203300000
               1  C     15.290237000000   14.652622000000   15.989082800000
               2  O     16.391355600000   15.394553900000   16.547038900000
               3  C     16.073900900000   16.443872100000   17.358675100000
               4  O     14.943495100000   16.894674200000   17.437245200000
               5  C     17.277183600000   17.234969600000   17.729941300000
               6  C     17.426038000000   18.505657700000   17.289160700000
               7  C     16.539904300000   19.207744400000   16.280904900000
               8  N     18.493778600000   19.281158200000   17.752324500000
               9  C     19.331273600000   18.908678300000   18.773289000000
              10  S     20.417188200000   19.956327500000   19.449100500000
              11  N     19.183344200000   17.627805100000   19.250309400000
              12  C     18.301311400000   16.593496200000   18.672541400000
              13  C     17.704207300000   15.737604000000   19.792487800000
              14  C     18.266036600000   14.480356100000   20.088054100000
              15  C     17.783384000000   13.711023900000   21.159641500000
              16  C     16.725108800000   14.195164800000   21.943875900000
              17  C     16.160444200000   15.445049000000   21.655924300000
              18  O     15.141559300000   15.915680300000   22.422412200000
              19  C     16.653781100000   16.218142800000   20.597320300000
              20  H     16.750783100000   13.823438300000   14.582797900000
              21  H     15.091589600000   13.244136600000   14.348589800000
              22  H     16.056296200000   12.621759200000   15.704081600000
              23  H     14.655208900000   15.312354400000   15.390214300000
              24  H     14.679609700000   14.220528900000   16.791909700000
              25  H     16.206545600000   18.513013100000   15.501928400000
              26  H     17.051459100000   20.033631000000   15.767874500000
              27  H     15.641009200000   19.607561200000   16.764612800000
              28  H     18.599225300000   20.233440500000   17.432089700000
              29  H     19.735159900000   17.413161400000   20.073894000000
              30  H     18.934239700000   15.942154100000   18.053724600000
              31  H     19.093183600000   14.102246100000   19.493989600000
              32  H     18.238279100000   12.747624300000   21.391486600000
              33  H     16.351930500000   13.606837100000   22.777720700000
              34  H     14.905242900000   15.216820200000   23.052024600000
              35  H     16.216965900000   17.194377300000   20.411528100000
