% The following energies apply to conformations described by the topology 
% mon_V.top.  Structures are given in trajectory concat_coords.cdf, count: 
% 970.

% Item 0:
%   Energy -> CONFS_OOUT/Conf*.oout
  -1274.34099153
  -1274.33464893
  -1274.33423904
  -1274.33008881
  -1274.32228814
  -1274.33064082
  -1274.33831890
  -1274.33419805
  -1274.32132993
  -1274.34048857
  -1274.33780505
  -1274.33225853
  -1274.33755648
  -1274.34801206
  -1274.33329701
  -1274.33711453
  -1274.32346619
  -1274.32023392
  -1274.33004438
  -1274.33111843
  -1274.33021869
  -1274.34702865
  -1274.32062833
  -1274.32974483
  -1274.33325910
  -1274.35058542
  -1274.32824636
  -1274.34671589
  -1274.33711453
  -1274.33442144
  -1274.33876439
  -1274.32740609
  -1274.33063584
  -1274.33072265
  -1274.32986473
  -1274.32969172
  -1274.33087410
  -1274.32735655
  -1274.32508499
  -1274.34361911
  -1274.32448716
  -1274.32772093
  -1274.32230901
  -1274.32366148
  -1274.33237896
  -1274.32823795
  -1274.32456954
  -1274.32977995
  -1274.32886092
  -1274.32617799
  -1274.33711453
  -1274.34165742
  -1274.31280581
  -1274.33831869
  -1274.33188156
  -1274.32057860
  -1274.32832247
  -1274.33711453
  -1274.33601984
  -1274.31997000
  -1274.32610188
  -1274.31487201
  -1274.34051727
  -1274.34494728
  -1274.32865755
  -1274.32831167
  -1274.34912676
  -1274.34690836
  -1274.32164807
  -1274.33909925
  -1274.33083249
  -1274.32854951
  -1274.34262685
  -1274.32867264
  -1274.35111949
  -1274.32803459
  -1274.34789114
  -1274.33711453
  -1274.33500261
  -1274.35027275
  -1274.35146426
  -1274.34738843
  -1274.33260059
  -1274.32567545
  -1274.32738652
  -1274.33261867
  -1274.32940320
  -1274.33670691
  -1274.32827784
  -1274.34078412
  -1274.33672002
  -1274.34988261
  -1274.32083596
  -1274.32800587
  -1274.32804285
  -1274.32886703
  -1274.34808919
  -1274.32812766
  -1274.34182858
  -1274.35117733
  -1274.32898702
  -1274.32181570
  -1274.32427654
  -1274.33711453
  -1274.32713706
  -1274.34019818
  -1274.33294226
  -1274.32932788
  -1274.32285996
  -1274.33240573
  -1274.33452992
  -1274.32519979
  -1274.33098424
  -1274.32487256
  -1274.33417129
  -1274.32689746
  -1274.32816360
  -1274.33689001
  -1274.33360626
  -1274.33451876
  -1274.34901005
  -1274.32735392
  -1274.33257577
  -1274.32888701
  -1274.32606280
  -1274.34520344
  -1274.35014977
  -1274.30726238
  -1274.34965011
  -1274.33485946
  -1274.33651929
  -1274.33186970
  -1274.33358533
  -1274.32570759
  -1274.34944381
  -1274.32974671
  -1274.33442423
  -1274.35214621
  -1274.33711453
  -1274.32805079
  -1274.33467030
  -1274.32076475
  -1274.32599537
  -1274.31075301
  -1274.31890901
  -1274.33195539
  -1274.35040916
  -1274.34049587
  -1274.32810878
  -1274.32769343
  -1274.33711453
  -1274.33616837
  -1274.31653512
  -1274.34883632
  -1274.34816541
  -1274.34719687
  -1274.32467755
  -1274.33156889
  -1274.33646501
  -1274.34576083
  -1274.33632841
  -1274.32075885
  -1274.34645305
  -1274.32978884
  -1274.32311382
  -1274.34651047
  -1274.34472534
  -1274.32683267
  -1274.35028266
  -1274.33245417
  -1274.33856401
  -1274.34389018
  -1274.34656373
  -1274.33446904
  -1274.34986349
  -1274.32816038
  -1274.33403881
  -1274.32487699
  -1274.33490755
  -1274.33711453
  -1274.33282966
  -1274.34835901
  -1274.34941484
  -1274.33633196
  -1274.33635592
  -1274.32840767
  -1274.33509212
  -1274.32042835
  -1274.33711453
  -1274.33293340
  -1274.33300617
  -1274.33097963
  -1274.31086532
  -1274.33969752
  -1274.33659201
  -1274.32984665
  -1274.33308039
  -1274.33554211
  -1274.33320967
  -1274.33114597
  -1274.33626181
  -1274.32477285
  -1274.34070027
  -1274.34123180
  -1274.32778109
  -1274.31529586
  -1274.33592480
  -1274.32816597
  -1274.32035473
  -1274.30938933
  -1274.32323880
  -1274.33292040
  -1274.34795746
  -1274.33357501
  -1274.34571762
  -1274.32996013
  -1274.33711453
  -1274.33974137
  -1274.33447360
  -1274.33662922
  -1274.33975863
  -1274.34883730
  -1274.33507216
  -1274.33911134
  -1274.33193327
  -1274.33324728
  -1274.31686867
  -1274.23592422
  -1274.33556426
  -1274.34174299
  -1274.34871038
  -1274.33771910
  -1274.33337404
  -1274.31551086
  -1274.32692648
  -1274.33317656
  -1274.31093112
  -1274.33400488
  -1274.33983768
  -1274.33183648
  -1274.34053535
  -1274.33440167
  -1274.34968952
  -1274.31313034
  -1274.34832095
  -1274.34874986
  -1274.32689330
  -1274.32954715
  -1274.32608070
  -1274.32295168
  -1274.32881301
  -1274.35020554
  -1274.33405807
  -1274.33001956
  -1274.33273860
  -1274.34163023
  -1274.35205615
  -1274.31567487
  -1274.33711453
  -1274.33176329
  -1274.32951411
  -1274.32225980
  -1274.32623195
  -1274.35196946
  -1274.33151323
  -1274.33608573
  -1274.31143096
  -1274.33465829
  -1274.33843679
  -1274.33066223
  -1274.32960896
  -1274.33711453
  -1274.32382003
  -1274.33184345
  -1274.34836150
  -1274.32980994
  -1274.34828991
  -1274.32334788
  -1274.32716115
  -1274.34698660
  -1274.34716596
  -1274.34937158
  -1274.34596584
  -1274.32974217
  -1274.34846280
  -1274.32825433
  -1274.32505594
  -1274.34866142
  -1274.31548569
  -1274.33036455
  -1274.34468478
  -1274.33911530
  -1274.34859978
  -1274.32931753
  -1274.33968587
  -1274.34317906
  -1274.32940952
  -1274.33707506
  -1274.34200131
  -1274.22927673
  -1274.33066427
  -1274.33670691
  -1274.33013567
  -1274.32269507
  -1274.33725291
  -1274.33711453
  -1274.33711453
  -1274.32858901
  -1274.33482375
  -1274.33389706
  -1274.32382424
  -1274.33104614
  -1274.33430271
  -1274.33671853
  -1274.33069708
  -1274.32498677
  -1274.33169171
  -1274.32977140
  -1274.32702106
  -1274.31628278
  -1274.34062783
  -1274.33806583
  -1274.33107184
  -1274.33478739
  -1274.34028414
  -1274.32810789
  -1274.31684264
  -1274.32957012
  -1274.33682490
  -1274.33177891
  -1274.34389223
  -1274.33103936
  -1274.34517141
  -1274.32594095
  -1274.31618154
  -1274.31581048
  -1274.33584979
  -1274.33559180
  -1274.32722524
  -1274.33711453
  -1274.33557757
  -1274.34522883
  -1274.32937078
  -1274.31394086
  -1274.33887980
  -1274.33887191
  -1274.33510203
  -1274.33711453
  -1274.33767159
  -1274.34649255
  -1274.32001868
  -1274.33210718
  -1274.35036594
  -1274.33392003
  -1274.33750761
  -1274.33449679
  -1274.33812709
  -1274.33612297
  -1274.34127053
  -1274.33825020
  -1274.34796482
  -1274.33593497
  -1274.34231426
  -1274.31295643
  -1274.33104567
  -1274.34003879
  -1274.33226746
  -1274.32606094
  -1274.32906484
  -1274.33095875
  -1274.34529118
  -1274.33204518
  -1274.34887397
  -1274.35060860
  -1274.33818693
  -1274.33123711
  -1274.33375428
  -1274.33412053
  -1274.32408916
  -1274.34872546
  -1274.33494370
  -1274.31910286
  -1274.33405300
  -1274.32807231
  -1274.33485310
  -1274.33711453
  -1274.32317158
  -1274.32865084
  -1274.34820231
  -1274.33711453
  -1274.33273004
  -1274.33876046
  -1274.35218404
  -1274.33262602
  -1274.33866505
  -1274.31703793
  -1274.32542328
  -1274.33518638
  -1274.33219405
  -1274.32929413
  -1274.33064728
  -1274.32655735
  -1274.33200228
  -1274.33277216
  -1274.33477920
  -1274.31901764
  -1274.32809083
  -1274.32639521
  -1274.32420025
  -1274.34032975
  -1274.32755024
  -1274.32615283
  -1274.32089468
  -1274.33402563
  -1274.32304346
  -1274.33711453
  -1274.34444694
  -1274.32368919
  -1274.33533686
  -1274.32818590
  -1274.32760381
  -1274.31091687
  -1274.33711453
  -1274.33668320
  -1274.32343347
  -1274.34158699
  -1274.32365447
  -1274.32319692
  -1274.32335537
  -1274.34293430
  -1274.33578156
  -1274.32851640
  -1274.35080423
  -1274.34849192
  -1274.32541487
  -1274.33513520
  -1274.34776331
  -1274.32687370
  -1274.34000228
  -1274.32620421
  -1274.34516308
  -1274.33711453
  -1274.35165729
  -1274.34470968
  -1274.32434472
  -1274.32414567
  -1274.32849886
  -1274.33446119
  -1274.35162856
  -1274.34211368
  -1274.34884419
  -1274.34134178
  -1274.33059265
  -1274.34499986
  -1274.33485719
  -1274.33057163
  -1274.34910993
  -1274.34624678
  -1274.34702627
  -1274.33397736
  -1274.32677966
  -1274.32964970
  -1274.32749369
  -1274.34678440
  -1274.31963608
  -1274.32753483
  -1274.33711453
  -1274.32775621
  -1274.34418308
  -1274.32390367
  -1274.33049375
  -1274.33438016
  -1274.33187840
  -1274.32296820
  -1274.32415111
  -1274.33217114
  -1274.33418075
  -1274.32500723
  -1274.32441135
  -1274.33190578
  -1274.33302065
  -1274.34581826
  -1274.34068466
  -1274.31120848
  -1274.33331764
  -1274.32272036
  -1274.33035829
  -1274.33638797
  -1274.33013099
  -1274.32688612
  -1274.34756484
  -1274.32873741
  -1274.33733123
  -1274.32847169
  -1274.33670691
  -1274.34401226
  -1274.32958823
  -1274.32566584
  -1274.31732724
  -1274.32449266
  -1274.32490678
  -1274.34131438
  -1274.32704651
  -1274.31879144
  -1274.32737034
  -1274.33984134
  -1274.33670691
  -1274.32225193
  -1274.33672412
  -1274.33458082
  -1274.33724288
  -1274.33038919
  -1274.32374203
  -1274.33711453
  -1274.32751044
  -1274.33097471
  -1274.33258062
  -1274.31658902
  -1274.34607232
  -1274.33664218
  -1274.32714928
  -1274.35026334
  -1274.33069358
  -1274.35022911
  -1274.32805447
  -1274.34020497
  -1274.34798546
  -1274.34448510
  -1274.34876474
  -1274.34194245
  -1274.34210495
  -1274.32966452
  -1274.32621049
  -1274.35025126
  -1274.33904979
  -1274.32750878
  -1274.33568886
  -1274.34938071
  -1274.33324722
  -1274.22927673
  -1274.34779542
  -1274.33711453
  -1274.35029279
  -1274.33762761
  -1274.35162038
  -1274.34384649
  -1274.33487899
  -1274.33378554
  -1274.32934297
  -1274.34082430
  -1274.33699256
  -1274.33296228
  -1274.33453827
  -1274.32881931
  -1274.33515978
  -1274.33567776
  -1274.33170619
  -1274.33172086
  -1274.33711453
  -1274.32104485
  -1274.33882938
  -1274.32532009
  -1274.33149488
  -1274.32458127
  -1274.31848982
  -1274.33473856
  -1274.32275814
  -1274.34629396
  -1274.32861446
  -1274.33488511
  -1274.34987754
  -1274.33568635
  -1274.32585778
  -1274.33078535
  -1274.34091116
  -1274.32836533
  -1274.32886467
  -1274.33513492
  -1274.33563770
  -1274.33820746
  -1274.33467435
  -1274.33938817
  -1274.32902530
  -1274.33584938
  -1274.32379287
  -1274.32956051
  -1274.33709091
  -1274.33274146
  -1274.33080225
  -1274.33760166
  -1274.33146594
  -1274.33711453
  -1274.34347946
  -1274.34615012
  -1274.32408861
  -1274.32495473
  -1274.34367236
  -1274.34525811
  -1274.34129850
  -1274.32140169
  -1274.33957984
  -1274.34389362
  -1274.34612524
  -1274.34145206
  -1274.34324097
  -1274.32916373
  -1274.33524904
  -1274.31504321
  -1274.32444120
  -1274.33031590
  -1274.33886901
  -1274.32963695
  -1274.32921272
  -1274.33252011
  -1274.33539704
  -1274.33523354
  -1274.33752813
  -1274.32641503
  -1274.33701640
  -1274.32215557
  -1274.33249692
  -1274.33973726
  -1274.34654798
  -1274.33188984
  -1274.34930339
  -1274.33711453
  -1274.34214272
  -1274.33349584
  -1274.32336905
  -1274.32637933
  -1274.33193450
  -1274.33170005
  -1274.32376390
  -1274.34422012
  -1274.32416407
  -1274.32681832
  -1274.33004605
  -1274.31967414
  -1274.32053247
  -1274.32069338
  -1274.33044397
  -1274.33567993
  -1274.31673066
  -1274.33359545
  -1274.33642438
  -1274.32168321
  -1274.33185261
  -1274.33390210
  -1274.33087564
  -1274.32258264
  -1274.32581353
  -1274.33397609
  -1274.32347730
  -1274.32494042
  -1274.32207106
  -1274.33711453
  -1274.31812328
  -1274.35156620
  -1274.32070060
  -1274.32123859
  -1274.32999919
  -1274.34481795
  -1274.32335240
  -1274.31665574
  -1274.33612604
  -1274.32742927
  -1274.35045213
  -1274.32754878
  -1274.34854750
  -1274.34752662
  -1274.34667552
  -1274.32778620
  -1274.33781662
  -1274.33711453
  -1274.34609698
  -1274.32933850
  -1274.32014593
  -1274.34461462
  -1274.34172175
  -1274.34319769
  -1274.32993728
  -1274.33426427
  -1274.32672720
  -1274.33366769
  -1274.32452570
  -1274.34977993
  -1274.33723102
  -1274.33074956
  -1274.34121770
  -1274.34094858
  -1274.35043413
  -1274.34851266
  -1274.32718248
  -1274.32632378
  -1274.34002655
  -1274.35161004
  -1274.33051977
  -1274.32875935
  -1274.32377943
  -1274.33711453
  -1274.33478994
  -1274.32986737
  -1274.32225927
  -1274.31820257
  -1274.32526890
  -1274.32649409
  -1274.32914918
  -1274.32419614
  -1274.33946665
  -1274.35134802
  -1274.34209779
  -1274.34347737
  -1274.32765320
  -1274.32360864
  -1274.33429794
  -1274.33156174
  -1274.32698425
  -1274.34774950
  -1274.33576172
  -1274.35105101
  -1274.32330466
  -1274.33084155
  -1274.33011493
  -1274.33169959
  -1274.35081710
  -1274.32212998
  -1274.32757425
  -1274.32952705
  -1274.33121123
  -1274.33301100
  -1274.33151757
  -1274.32917708
  -1274.33851695
  -1274.33045875
  -1274.32342280
  -1274.33494563
  -1274.33020584
  -1274.33590927
  -1274.32727381
  -1274.34011872
  -1274.34428764
  -1274.32976448
  -1274.34950370
  -1274.33711453
  -1274.33626161
  -1274.34316176
  -1274.32150290
  -1274.34040102
  -1274.33004545
  -1274.32496064
  -1274.33457759
  -1274.32861812
  -1274.32347261
  -1274.33124572
  -1274.31176165
  -1274.32833201
  -1274.34142737
  -1274.31621486
  -1274.32949018
  -1274.33195328
  -1274.32003134
  -1274.32281024
  -1274.33077550
  -1274.32372479
  -1274.32592764
  -1274.32180726
  -1274.33226187
  -1274.31543369
  -1274.33575126
  -1274.33296866
  -1274.33711453
  -1274.31984751
  -1274.32520685
  -1274.32439850
  -1274.32532182
  -1274.33627416
  -1274.32909513
  -1274.32988860
  -1274.32246912
  -1274.31253911
  -1274.32371641
  -1274.32935740
  -1274.34050312
  -1274.31725838
  -1274.32772877
  -1274.34157740
  -1274.33711453
  -1274.34424639
  -1274.34390257
  -1274.34962536
  -1274.32361306
  -1274.34658275
  -1274.32617394
  -1274.33925743
  -1274.34745723
  -1274.33804680
  -1274.34073559
  -1274.33073496
  -1274.34303209
  -1274.32974006
  -1274.32233280
  -1274.34420150
  -1274.33639113
  -1274.33108587
  -1274.33240904
  -1274.32302229
  -1274.34799151
  -1274.34400953
  -1274.35088606
  -1274.32910714
  -1274.32734630
  -1274.32758256
  -1274.34840624
  -1274.34875633
  -1274.32802857
  -1274.32397115
  -1274.31339136
  -1274.33154673
  -1274.33711453
  -1274.32844269
  -1274.32137850
  -1274.31583163
  -1274.33923614
  -1274.32523655
  -1274.34941198
  -1274.34505447
  -1274.32096215
  -1274.34356812
  -1274.32771144
  -1274.33963666
  -1274.32771425
  -1274.33624882
  -1274.35201524
  -1274.34537937
  -1274.32666321
  -1274.33290271
  -1274.33592346
  -1274.32522445
  -1274.32656630
  -1274.33115416
  -1274.33299601
  -1274.33219288
  -1274.33670691
  -1274.32344699
  -1274.33145312
  -1274.33608287
  -1274.32193082
  -1274.32522200
  -1274.34088536
  -1274.32926445
  -1274.32906269
  -1274.34447951
  -1274.33722198
  -1274.32288922
  -1274.31945645
  -1274.32712893
  -1274.31586116
  -1274.35024738
  -1274.34669627
  -1274.32772707
  -1274.33636851
  -1274.32745324
  -1274.32115975
  -1274.32977177
  -1274.33580596
  -1274.35232531
  -1274.32096775
  -1274.34118118
  -1274.32749038
  -1274.33711453
  -1274.32502987
  -1274.32867663
  -1274.33081270
  -1274.32006499
  -1274.33300913
  -1274.33708207
  -1274.34973259
  -1274.31000776
  -1274.34990105
  -1274.34657850
  -1274.33311621
  -1274.32254158
  -1274.32336030
  -1274.30948456
  -1274.34607607
  -1274.33744904
  -1274.34982048
  -1274.35104433
  -1274.34585468
  -1274.34125817
  -1274.33167278
  -1274.33617704
  -1274.22927673
  -1274.33677038
  -1274.34635084
  -1274.33861290
  -1274.32393558
  -1274.32517871
  -1274.32822889
  -1274.35073641
  -1274.33681858
  -1274.35005409
  -1274.34252554
  -1274.33711453
  -1274.33670691
  -1274.34583429
  -1274.33649481
  -1274.32637441
  -1274.33695906
  -1274.33732835
  -1274.33211265
  -1274.33987135
  -1274.33344379
  -1274.32844643
  -1274.34515063
  -1274.32368782
  -1274.33527287
  -1274.33711453
  -1274.32419700
  -1274.33658628
  -1274.33714223
  -1274.33277789
  -1274.32712240
  -1274.33726869
  -1274.35082630
  -1274.33502995
  -1274.32352511
  -1274.34578818
  -1274.32835346
  -1274.32980111
  -1274.32235764
  -1274.32671473
  -1274.33339046
  -1274.33101544
  -1274.33555528
  -1274.33256634
  -1274.33835201
  -1274.32084086
  -1274.32663135
  -1274.32196984
  -1274.33014252
  -1274.34115597
  -1274.33617248
  -1274.34327346
  -1274.33605478
  -1274.33843696
  -1274.33711453
  -1274.34647371
  -1274.33091510
  -1274.32415044
  -1274.34201586
  -1274.32835135
  -1274.33672478
  -1274.32756440
  -1274.33791141
  -1274.34365229
  -1274.34017064
  -1274.34190570
  -1274.34497661
  -1274.32833240
  -1274.34323943
  -1274.32060119
  -1274.33057166
  -1274.32246515
  -1274.32698323
  -1274.33405173
  -1274.34274433
  -1274.34484200
  -1274.34181057
  -1274.32533812
